0.5568628 0.5411765 0.58431375 1.0 0.0 8.0 0.809017 0.58778524 8.0 0.0 0.0 10.0
0.5764706 0.56078434 0.5529412 2.0 0.0 6.0 0.809017 0.58778524 8.0 1.0 0.0 8.0
0.5803922 0.40784314 0.54901963 0.809017 0.58778524 8.0 2.0 0.0 6.0 1.618034 1.1755705 6.0
0.56078434 0.52156866 0.57254905 3.0 0.0 4.0 1.618034 1.1755705 6.0 2.0 0.0 6.0
0.5686275 0.54901963 0.56078434 1.618034 1.1755705 6.0 3.0 0.0 4.0 2.427051 1.7633557 4.0
0.5764706 0.5176471 0.5803922 4.0 0.0 2.0 2.427051 1.7633557 4.0 3.0 0.0 4.0
0.5529412 0.5803922 0.5529412 2.427051 1.7633557 4.0 4.0 0.0 2.0 3.236068 2.351141 2.0
0.57254905 0.5137255 0.5568628 5.0 0.0 0.0 3.236068 2.351141 2.0 4.0 0.0 2.0
0.5882353 0.5058824 0.5568628 3.236068 2.351141 2.0 5.0 0.0 0.0 4.045085 2.9389262 0.0
0.5529412 0.45882353 0.58431375 0.809017 0.58778524 8.0 0.30901697 0.9510566 8.0 0.0 0.0 10.0
0.57254905 0.45490196 0.54901963 1.618034 1.1755705 6.0 0.30901697 0.9510566 8.0 0.809017 0.58778524 8.0
0.54901963 0.49803922 0.58431375 0.30901697 0.9510566 8.0 1.618034 1.1755705 6.0 0.61803395 1.9021132 6.0
0.5647059 0.4862745 0.5882353 2.427051 1.7633557 4.0 0.61803395 1.9021132 6.0 1.618034 1.1755705 6.0
0.5568628 0.44313726 0.5529412 0.61803395 1.9021132 6.0 2.427051 1.7633557 4.0 0.92705095 2.85317 4.0
0.56078434 0.5254902 0.5529412 3.236068 2.351141 2.0 0.92705095 2.85317 4.0 2.427051 1.7633557 4.0
0.58431375 0.5372549 0.5764706 0.92705095 2.85317 4.0 3.236068 2.351141 2.0 1.2360679 3.8042264 2.0
0.5764706 0.48235294 0.5568628 4.045085 2.9389262 0.0 1.2360679 3.8042264 2.0 3.236068 2.351141 2.0
0.58431375 0.40784314 0.5764706 1.2360679 3.8042264 2.0 4.045085 2.9389262 0.0 1.5450848 4.755283 0.0
0.5647059 0.48235294 0.5803922 0.30901697 0.9510566 8.0 -0.30901703 0.9510565 8.0 0.0 0.0 10.0
0.5686275 0.5647059 0.5529412 0.61803395 1.9021132 6.0 -0.30901703 0.9510565 8.0 0.30901697 0.9510566 8.0
0.5568628 0.5764706 0.54901963 -0.30901703 0.9510565 8.0 0.61803395 1.9021132 6.0 -0.61803406 1.902113 6.0
0.5568628 0.43529412 0.5803922 0.92705095 2.85317 4.0 -0.61803406 1.902113 6.0 0.61803395 1.9021132 6.0
0.5882353 0.5882353 0.5882353 -0.61803406 1.902113 6.0 0.92705095 2.85317 4.0 -0.92705107 2.8531694 4.0
0.5764706 0.43137255 0.5647059 1.2360679 3.8042264 2.0 -0.92705107 2.8531694 4.0 0.92705095 2.85317 4.0
0.5529412 0.5137255 0.5764706 -0.92705107 2.8531694 4.0 1.2360679 3.8042264 2.0 -1.2360681 3.804226 2.0
0.5529412 0.44705883 0.54901963 1.5450848 4.755283 0.0 -1.2360681 3.804226 2.0 1.2360679 3.8042264 2.0
0.56078434 0.4862745 0.5529412 -1.2360681 3.804226 2.0 1.5450848 4.755283 0.0 -1.5450852 4.7552824 0.0
0.5882353 0.47843137 0.54901963 -0.30901703 0.9510565 8.0 -0.80901706 0.5877852 8.0 0.0 0.0 10.0
0.5686275 0.5882353 0.5882353 -0.61803406 1.902113 6.0 -0.80901706 0.5877852 8.0 -0.30901703 0.9510565 8.0
0.5686275 0.43529412 0.58431375 -0.80901706 0.5877852 8.0 -0.61803406 1.902113 6.0 -1.6180341 1.1755704 6.0
0.5764706 0.40784314 0.54901963 -0.92705107 2.8531694 4.0 -1.6180341 1.1755704 6.0 -0.61803406 1.902113 6.0
0.58431375 0.4862745 0.5647059 -1.6180341 1.1755704 6.0 -0.92705107 2.8531694 4.0 -2.427051 1.7633555 4.0
0.5764706 0.57254905 0.5882353 -1.2360681 3.804226 2.0 -2.427051 1.7633555 4.0 -0.92705107 2.8531694 4.0
0.5647059 0.57254905 0.5686275 -2.427051 1.7633555 4.0 -1.2360681 3.804226 2.0 -3.2360682 2.3511407 2.0
0.5803922 0.41960785 0.58431375 -1.5450852 4.7552824 0.0 -3.2360682 2.3511407 2.0 -1.2360681 3.804226 2.0
0.5803922 0.50980395 0.56078434 -3.2360682 2.3511407 2.0 -1.5450852 4.7552824 0.0 -4.0450854 2.938926 0.0
0.5764706 0.5411765 0.54901963 -0.80901706 0.5877852 8.0 -1.0 -8.742278E-8 8.0 0.0 0.0 10.0
0.5647059 0.4117647 0.58431375 -1.6180341 1.1755704 6.0 -1.0 -8.742278E-8 8.0 -0.80901706 0.5877852 8.0
0.5647059 0.4627451 0.5686275 -1.0 -8.742278E-8 8.0 -1.6180341 1.1755704 6.0 -2.0 -1.7484555E-7 6.0
0.54901963 0.5294118 0.5647059 -2.427051 1.7633555 4.0 -2.0 -1.7484555E-7 6.0 -1.6180341 1.1755704 6.0
0.5764706 0.5294118 0.57254905 -2.0 -1.7484555E-7 6.0 -2.427051 1.7633555 4.0 -3.0 -2.6226832E-7 4.0
0.5647059 0.5882353 0.58431375 -3.2360682 2.3511407 2.0 -3.0 -2.6226832E-7 4.0 -2.427051 1.7633555 4.0
0.54901963 0.46666667 0.5647059 -3.0 -2.6226832E-7 4.0 -3.2360682 2.3511407 2.0 -4.0 -3.496911E-7 2.0
0.5882353 0.5803922 0.5647059 -4.0450854 2.938926 0.0 -4.0 -3.496911E-7 2.0 -3.2360682 2.3511407 2.0
0.57254905 0.5137255 0.58431375 -4.0 -3.496911E-7 2.0 -4.0450854 2.938926 0.0 -5.0 -4.371139E-7 0.0
0.5803922 0.42352942 0.5647059 -1.0 -8.742278E-8 8.0 -0.809017 -0.58778536 8.0 0.0 0.0 10.0
0.5764706 0.4 0.5803922 -2.0 -1.7484555E-7 6.0 -0.809017 -0.58778536 8.0 -1.0 -8.742278E-8 8.0
0.56078434 0.49019608 0.5529412 -0.809017 -0.58778536 8.0 -2.0 -1.7484555E-7 6.0 -1.618034 -1.1755707 6.0
0.56078434 0.39215687 0.58431375 -3.0 -2.6226832E-7 4.0 -1.618034 -1.1755707 6.0 -2.0 -1.7484555E-7 6.0
0.5803922 0.5882353 0.54901963 -1.618034 -1.1755707 6.0 -3.0 -2.6226832E-7 4.0 -2.427051 -1.7633561 4.0
0.5568628 0.41960785 0.54901963 -4.0 -3.496911E-7 2.0 -2.427051 -1.7633561 4.0 -3.0 -2.6226832E-7 4.0
0.54901963 0.48235294 0.5764706 -2.427051 -1.7633561 4.0 -4.0 -3.496911E-7 2.0 -3.236068 -2.3511415 2.0
0.57254905 0.5137255 0.56078434 -5.0 -4.371139E-7 0.0 -3.236068 -2.3511415 2.0 -4.0 -3.496911E-7 2.0
0.54901963 0.53333336 0.5568628 -3.236068 -2.3511415 2.0 -5.0 -4.371139E-7 0.0 -4.045085 -2.9389267 0.0
0.5764706 0.5882353 0.5568628 -0.809017 -0.58778536 8.0 -0.3090171 -0.9510565 8.0 0.0 0.0 10.0
0.56078434 0.41960785 0.5647059 -1.618034 -1.1755707 6.0 -0.3090171 -0.9510565 8.0 -0.809017 -0.58778536 8.0
0.5882353 0.39607844 0.5686275 -0.3090171 -0.9510565 8.0 -1.618034 -1.1755707 6.0 -0.6180342 -1.902113 6.0
0.5529412 0.5058824 0.5686275 -2.427051 -1.7633561 4.0 -0.6180342 -1.902113 6.0 -1.618034 -1.1755707 6.0
0.5568628 0.44705883 0.57254905 -0.6180342 -1.902113 6.0 -2.427051 -1.7633561 4.0 -0.9270513 -2.8531694 4.0
0.54901963 0.5058824 0.56078434 -3.236068 -2.3511415 2.0 -0.9270513 -2.8531694 4.0 -2.427051 -1.7633561 4.0
0.5568628 0.5882353 0.54901963 -0.9270513 -2.8531694 4.0 -3.236068 -2.3511415 2.0 -1.2360684 -3.804226 2.0
0.54901963 0.5803922 0.5647059 -4.045085 -2.9389267 0.0 -1.2360684 -3.804226 2.0 -3.236068 -2.3511415 2.0
0.5803922 0.5647059 0.57254905 -1.2360684 -3.804226 2.0 -4.045085 -2.9389267 0.0 -1.5450854 -4.7552824 0.0
0.5686275 0.5882353 0.5529412 -0.3090171 -0.9510565 8.0 0.30901712 -0.9510565 8.0 0.0 0.0 10.0
0.5803922 0.53333336 0.5882353 -0.6180342 -1.902113 6.0 0.30901712 -0.9510565 8.0 -0.3090171 -0.9510565 8.0
0.54901963 0.49019608 0.5568628 0.30901712 -0.9510565 8.0 -0.6180342 -1.902113 6.0 0.61803424 -1.902113 6.0
0.5882353 0.56078434 0.5686275 -0.9270513 -2.8531694 4.0 0.61803424 -1.902113 6.0 -0.6180342 -1.902113 6.0
0.5568628 0.57254905 0.57254905 0.61803424 -1.902113 6.0 -0.9270513 -2.8531694 4.0 0.92705137 -2.8531694 4.0
0.54901963 0.57254905 0.5686275 -1.2360684 -3.804226 2.0 0.92705137 -2.8531694 4.0 -0.9270513 -2.8531694 4.0
0.5686275 0.4 0.5647059 0.92705137 -2.8531694 4.0 -1.2360684 -3.804226 2.0 1.2360685 -3.804226 2.0
0.57254905 0.49019608 0.5882353 -1.5450854 -4.7552824 0.0 1.2360685 -3.804226 2.0 -1.2360684 -3.804226 2.0
0.5686275 0.40392157 0.58431375 1.2360685 -3.804226 2.0 -1.5450854 -4.7552824 0.0 1.5450857 -4.7552824 0.0
0.5764706 0.5372549 0.5882353 0.30901712 -0.9510565 8.0 0.8090173 -0.58778495 8.0 0.0 0.0 10.0
0.5568628 0.56078434 0.56078434 0.61803424 -1.902113 6.0 0.8090173 -0.58778495 8.0 0.30901712 -0.9510565 8.0
0.54901963 0.5019608 0.5803922 0.8090173 -0.58778495 8.0 0.61803424 -1.902113 6.0 1.6180346 -1.1755699 6.0
0.54901963 0.5686275 0.5529412 0.92705137 -2.8531694 4.0 1.6180346 -1.1755699 6.0 0.61803424 -1.902113 6.0
0.54901963 0.49803922 0.5803922 1.6180346 -1.1755699 6.0 0.92705137 -2.8531694 4.0 2.427052 -1.7633548 4.0
0.5803922 0.46666667 0.58431375 1.2360685 -3.804226 2.0 2.427052 -1.7633548 4.0 0.92705137 -2.8531694 4.0
0.57254905 0.4745098 0.5803922 2.427052 -1.7633548 4.0 1.2360685 -3.804226 2.0 3.2360692 -2.3511398 2.0
0.58431375 0.58431375 0.5568628 1.5450857 -4.7552824 0.0 3.2360692 -2.3511398 2.0 1.2360685 -3.804226 2.0
0.5529412 0.5137255 0.5882353 3.2360692 -2.3511398 2.0 1.5450857 -4.7552824 0.0 4.0450864 -2.9389248 0.0
0.5686275 0.49019608 0.5686275 0.8090173 -0.58778495 8.0 1.0 1.7484555E-7 8.0 0.0 0.0 10.0
0.5764706 0.49803922 0.5568628 1.6180346 -1.1755699 6.0 1.0 1.7484555E-7 8.0 0.8090173 -0.58778495 8.0
0.5686275 0.56078434 0.5529412 1.0 1.7484555E-7 8.0 1.6180346 -1.1755699 6.0 2.0 3.496911E-7 6.0
0.5803922 0.4745098 0.5803922 2.427052 -1.7633548 4.0 2.0 3.496911E-7 6.0 1.6180346 -1.1755699 6.0
0.5882353 0.4392157 0.56078434 2.0 3.496911E-7 6.0 2.427052 -1.7633548 4.0 3.0 5.2453663E-7 4.0
0.5764706 0.5529412 0.5882353 3.2360692 -2.3511398 2.0 3.0 5.2453663E-7 4.0 2.427052 -1.7633548 4.0
0.54901963 0.39607844 0.5803922 3.0 5.2453663E-7 4.0 3.2360692 -2.3511398 2.0 4.0 6.993822E-7 2.0
0.58431375 0.43137255 0.54901963 4.0450864 -2.9389248 0.0 4.0 6.993822E-7 2.0 3.2360692 -2.3511398 2.0
0.5764706 0.5568628 0.5529412 4.0 6.993822E-7 2.0 4.0450864 -2.9389248 0.0 5.0 8.742278E-7 0.0
0.5764706 0.44705883 0.57254905 0.0 0.0 0.0 0.0 0.0 0.0 4.045085 2.9389262 0.0
0.5568628 0.43529412 0.5803922 0.0 0.0 0.0 1.5450848 4.755283 0.0 4.045085 2.9389262 0.0
0.54901963 0.5686275 0.5529412 0.0 0.0 0.0 0.0 0.0 0.0 1.5450848 4.755283 0.0
0.5764706 0.5019608 0.54901963 0.0 0.0 0.0 -1.5450852 4.7552824 0.0 1.5450848 4.755283 0.0
0.57254905 0.50980395 0.54901963 0.0 0.0 0.0 0.0 0.0 0.0 -1.5450852 4.7552824 0.0
0.5764706 0.5294118 0.5529412 0.0 0.0 0.0 -4.0450854 2.938926 0.0 -1.5450852 4.7552824 0.0
0.5568628 0.45882353 0.5529412 0.0 0.0 0.0 0.0 0.0 0.0 -4.0450854 2.938926 0.0
0.5529412 0.5176471 0.5686275 0.0 0.0 0.0 -5.0 -1.6292068E-6 0.0 -4.0450854 2.938926 0.0
0.5686275 0.5764706 0.5882353 0.0 0.0 0.0 0.0 0.0 0.0 -5.0 -1.6292068E-6 0.0
0.57254905 0.4117647 0.5882353 0.0 0.0 0.0 -4.045085 -2.9389267 0.0 -5.0 -1.6292068E-6 0.0
0.5764706 0.39215687 0.5764706 0.0 0.0 0.0 0.0 0.0 0.0 -4.045085 -2.9389267 0.0
0.57254905 0.4 0.5882353 0.0 0.0 0.0 -1.5450833 -4.755283 0.0 -4.045085 -2.9389267 0.0
0.58431375 0.5372549 0.5647059 0.0 0.0 0.0 0.0 0.0 0.0 -1.5450833 -4.755283 0.0
0.5568628 0.42745098 0.5764706 0.0 0.0 0.0 1.5450857 -4.7552824 0.0 -1.5450833 -4.755283 0.0
0.58431375 0.54509807 0.57254905 0.0 0.0 0.0 0.0 0.0 0.0 1.5450857 -4.7552824 0.0
0.5882353 0.4627451 0.58431375 0.0 0.0 0.0 4.0450864 -2.9389248 0.0 1.5450857 -4.7552824 0.0
0.56078434 0.5372549 0.5882353 0.0 0.0 0.0 0.0 0.0 0.0 4.0450864 -2.9389248 0.0
0.5686275 0.4 0.5686275 0.0 0.0 0.0 5.0 8.742278E-7 0.0 4.0450864 -2.9389248 0.0
0.5529412 0.48235294 0.56078434 0.0 0.0 0.0 0.0 0.0 0.0 5.0 8.742278E-7 0.0
0.56078434 0.49019608 0.5568628 0.0 0.0 0.0 4.045084 2.9389281 0.0 5.0 8.742278E-7 0.0
